RMSE: 2.5533747004046936
R-squared: 0.7330102485585404
List Root Mean Squared Error: [3.26273421252649, 0.028577123871743732, 0.24799318845075477, 0.2705606228847241, 2.621012532347362, 0.27894158324156226, 0.2668211393693506, 16.929614191400148, 14.59131277024371, 6.460585330855906, 5.11576523012971, 0.3859719151909251, 0.49187060329372656, 0.002276811483499625, 0.2744312430137646, 0.2852941492320883, 0.4096836130164195, 0.184785583737933, 0.17520904705171317, 0.17602715462536664, 0.16511837282638514, 2.265459856495637, 3.837571834019035]
List R2: [0.13768529718244227, 0.10487992372543642, 0.8274232373357056, 0.7220624560429367, 0.28206259881288565, 0.5050387594270487, 0.5796132082111174, 0.9600912432221639, 0.9655651558173236, 0.2574172769987323, 0.8158187256448041, 0.9814570136675588, 0.9667662637297869, 0.5617208243974143, 0.9920288207615235, 0.9909322703103083, 0.9910841942733505, 0.9546178045883309, 0.9639109237256177, 0.9588733838906005, 0.966324557049453, 0.8664391653679288, 0.5074226126639576]
Datetime: 20250721