RMSE: 4.020865912273396
R-squared: 0.5335547148678698
List Root Mean Squared Error: [4.600344282475837, 0.0353435548234824, 0.3251248859743366, 0.3519971673155547, 2.9467968017830932, 0.34486510565908135, 0.31697963551489494, 25.416196142140773, 26.155133771032105, 8.280455598899865, 10.024988602351797, 1.020684324431745, 0.9664629780965382, 0.002382563748580485, 0.8380302125753762, 0.8497531179665154, 1.1897711343154822, 0.30754098069440894, 0.31122022375264774, 0.3061933239688326, 0.30348473646815904, 2.4115261493162174, 5.174640688982788]
List R2: [-0.7142851648814483, -0.3691931566292037, 0.7033780818974403, 0.5295685237923329, 0.0924955500993131, 0.2434403493680154, 0.40670414105693087, 0.9100512394037698, 0.8893571689509653, -0.2198588244504831, 0.2927189262485188, 0.8703265222721535, 0.8716937303734181, 0.5200613242588361, 0.9256681706174739, 0.9195551273956177, 0.9248047743282571, 0.8742941992333741, 0.8861328810622138, 0.8755614120753552, 0.8862382606641708, 0.8486611834642499, 0.10438402135973324]
Datetime: 20250721