RMSE: 4.384265678042097
R-squared: 0.7286028880219423
List Root Mean Squared Error: [2.9465127175901893, 0.03980877515465731, 0.2781526996104139, 0.16374473632289668, 1.249926473229742, 0.12304959730996709, 0.1244903450125852, 28.843580362642278, 22.35385298223103, 18.47402118466019, 22.46160089973882, 0.28715975894319534, 0.5153699017178368, 0.020246669895570894, 0.17447017110722618, 0.32269602469075626, 0.30309572850066663, 0.22756692115254082, 0.22737778503823924, 0.2304636641484575, 0.21778031598385755, 0.6167312086008911, 0.6364116716862005]
List R2: [0.8458582073175972, 0.6198725672489661, 0.9482048501469761, 0.8515310703261217, 0.8678225012691801, 0.6437842645223016, 0.6366998134261999, 0.7158112967907073, 0.7430606474148749, 0.42517612043015496, 0.5575254247682233, 0.9183836273200421, 0.7484401231191823, -0.2647759611976075, 0.8305791273920216, 0.6315959310482075, 0.951139335666575, 0.7840990238471421, 0.7830028967670135, 0.7748126440312925, 0.7789583798583783, 0.9807215174216322, 0.9855630155694907]
Datetime: 20250307