RMSE: 3.2891066915797866
R-squared: 0.7226468123085382
List Root Mean Squared Error: [1.8185671649091824, 0.036437831319849734, 0.12266983447522473, 0.08755258327978635, 1.1607559740948976, 0.07552774424486806, 0.07563696236029893, 22.711144842179557, 13.057168123181231, 17.002442292736912, 17.251012634805996, 0.17171410555451236, 0.31398481328522443, 0.007641251723366835, 0.10234720319413239, 0.09478447322267128, 0.1851050569637, 0.12418938461267828, 0.12469309261149851, 0.12134061544341733, 0.11966518945241832, 0.4714509809091919, 0.4136217517744791]
List R2: [0.8353025895544124, 0.667027277189949, 0.8417902196844245, 0.8396555930861209, 0.9003339887538886, 0.8189000308861876, 0.8191633740293577, 0.44607118013210845, 0.7600941650213058, 0.3585386438293281, 0.42169643463437956, 0.864662851106016, 0.5994409761373335, 0.22807395810207087, 0.8564196631226305, 0.9074411053658131, 0.9576536611788098, 0.6572694043718155, 0.6545541870664178, 0.6503056073990793, 0.6347617694462121, 0.9564730301443013, 0.9452469728544133]
Datetime: 20250611